0.0	0.5
-0.03972508348585718	0.4984194195073479
-0.07919901220360748	0.4936876709681667
-0.11817221926645244	0.48583467002020503
-0.15639830351111356	0.47491006586389134
-0.19363558732532052	0.46098292736410335
-0.22964864461148896	0.44414130637456595
-0.2642097892263097	0.42449168104568197
-0.2971005144858552	0.4021582826353824
-0.3281128746351878	0.37728231007911506
-0.3570507995483749	0.3500210372847127
-0.38373133434695395	0.3205468187961101
-0.40798579609958047	0.2890460001124242
-0.4296608402898305	0.2557177395517111
-0.4486194303096061	0.22077274910795594
-0.4647417038486935	0.18443196226200392
-0.47792573070288036	0.14692513716896052
-0.4880881572095254	0.10848940405315899
-0.49516473323625093	0.06936776599453416
-0.4991107183909665	0.029807562584909963
-0.4999011648850328	-0.009941093832535088
-0.49753107526121376	-0.04962689945403071
-0.4920154339892103	-0.08899894783877506
-0.4833891127290186	-0.1278083162202373
-0.4717066498610673	-0.16580963927603387
-0.4570419056770173	-0.20276266040649696
-0.4394875954112169	-0.23843375071425293
-0.41915470306513836	-0.27259738608133366
-0.39617177973078715	-0.3050375730052622
-0.370684130849309	-0.33554921417951844
-0.3428528975432066	-0.36393940518474704
-0.31285403783028004	-0.390028654092606
-0.2808772141603856	-0.41365201627152853
-0.24712459430836148	-0.43466013721979124
-0.21180957320426394	-0.45292019683276163
-0.17515542378191234	-0.4683167491343639
-0.13739388537551275	-0.4807524521637102
-0.0987636985889765	-0.49014868340231804
-0.05950909590095243	-0.4964460368509867
-0.01987825754846272	-0.4996046986136509
0.01987825754846282	-0.4996046986136509
0.059509095900952304	-0.4964460368509867
0.09876369858897617	-0.4901486834023181
0.13739388537551261	-0.48075245216371026
0.175155423781912	-0.468316749134364
0.21180957320426405	-0.4529201968327616
0.24712459430836137	-0.4346601372197913
0.2808772141603853	-0.4136520162715287
0.31285403783027993	-0.3900286540926061
0.34285289754320647	-0.3639394051847471
0.37068413084930907	-0.3355492141795184
0.396171779730787	-0.30503757300526246
0.4191547030651382	-0.27259738608133394
0.43948759541121685	-0.23843375071425305
0.4570419056770172	-0.20276266040649726
0.47170664986106736	-0.16580963927603368
0.4833891127290185	-0.12780831622023742
0.49201543398921027	-0.08899894783877552
0.49753107526121376	-0.049626899454030614
0.4999011648850328	-0.009941093832535209
0.4991107183909665	0.029807562584909953
0.49516473323625093	0.06936776599453426
0.4880881572095255	0.10848940405315886
0.4779257307028804	0.1469251371689604
0.4647417038486937	0.1844319622620036
0.44861943030960605	0.22077274910795613
0.42966084028983054	0.255717739551711
0.40798579609958074	0.2890460001124239
0.38373133434695383	0.3205468187961102
0.35705079954837493	0.35002103728471257
0.3281128746351881	0.3772823100791148
0.2971005144858551	0.4021582826353825
0.2642097892263099	0.42449168104568186
0.22964864461148898	0.44414130637456595
0.19363558732532082	0.4609829273641032
0.15639830351111378	0.4749100658638913
0.11817221926645252	0.485834670020205
0.07919901220360787	0.4936876709681666
0.039725083485856995	0.4984194195073479
1.2246467991473532e-16	0.5
0.0	0.5
end
7.347880794884119e-17	0.3
0.02651403137920274	0.2988260466224834
0.05282055451381078	0.2953133742668177
0.07871368519259384	0.28948947435684297
0.10399077456078584	0.2813999268056902
0.12845399512213676	0.27110804329116106
0.15191188900729327	0.25869437175600823
0.17418086639121627	0.24425606601107222
0.19508664233248108	0.22790612537498547
0.21446560078924887	0.20977251030129407
0.2321660751366321	0.189997140914414
0.24804953516367262	0.16873478629223415
0.2619916712600678	0.14615185318823898
0.2738833673074167	0.12242508367303934
0.2836315546607911	0.09774017188803517
0.2911599405370702	0.07229031073698405
0.2964096051094092	0.046274679889590505
0.2993394626347713	0.019896886930531075
0.2999265830055729	-0.006636626145956105
0.2981663712088652	-0.03311819862458088
0.29407260328854085	-0.05934057629565506
0.287677318529112	-0.08509853350028906
0.27903056870486886	-0.11019047929942703
0.2682000263568826	-0.1344200351962737
0.25527045516361857	-0.15759757206428973
0.2403430465502244	-0.17954169425221722
0.22353462772842858	-0.2000806592509952
0.20497674736520793	-0.21905372181175037
0.1848146460361092	-0.23631239199531553
0.16320611952081968	-0.25172159730733457
0.14032028383724449	-0.26516073982366833
0.11633625167937066	-0.2765246400326635
0.09144173061758608	-0.28572436000743934
0.06583155403243808	-0.2926878994657521
0.03970615627926658	-0.2973607592698244
0.013270004017613581	-0.2997063679559921
-0.013270004017613654	-0.2997063679559921
-0.03970615627926678	-0.29736075926982436
-0.06583155403243827	-0.292687899465752
-0.09144173061758601	-0.2857243600074394
-0.11633625167937073	-0.27652464003266347
-0.14032028383724454	-0.26516073982366833
-0.16320611952081973	-0.25172159730733457
-0.18481464603610936	-0.2363123919953154
-0.20497674736520807	-0.21905372181175023
-0.22353462772842853	-0.20008065925099525
-0.24034304655022445	-0.1795416942522172
-0.2552704551636187	-0.15759757206428956
-0.2682000263568827	-0.13442003519627352
-0.27903056870486886	-0.11019047929942696
-0.287677318529112	-0.085098533500289
-0.29407260328854085	-0.05934057629565518
-0.2981663712088652	-0.033118198624580875
-0.2999265830055729	-0.0066366261459560325
-0.2993394626347713	0.01989688693053121
-0.29640960510940917	0.04627467988959071
-0.29115994053707017	0.07229031073698432
-0.28363155466079104	0.09774017188803531
-0.2738833673074166	0.12242508367303946
-0.2619916712600678	0.14615185318823898
-0.2480495351636726	0.1687347862922342
-0.232166075136632	0.18999714091441408
-0.21446560078924873	0.20977251030129423
-0.19508664233248108	0.22790612537498547
-0.17418086639121616	0.24425606601107225
-0.15191188900729313	0.25869437175600835
-0.12845399512213657	0.27110804329116117
-0.1039907745607858	0.2813999268056902
-0.07871368519259372	0.28948947435684297
-0.052820554513810854	0.29531337426681764
-0.026514031379202743	0.2988260466224834
0.0	0.3
7.347880794884119e-17	0.3
end
